xof 0303txt 0032
template Frame {
 <3d82ab46-62da-11cf-ab39-0020af71e433>
 [...]
}

template Matrix4x4 {
 <f6f23f45-7686-11cf-8f52-0040333594a3>
 array FLOAT matrix[16];
}

template FrameTransformMatrix {
 <f6f23f41-7686-11cf-8f52-0040333594a3>
 Matrix4x4 frameMatrix;
}

template Vector {
 <3d82ab5e-62da-11cf-ab39-0020af71e433>
 FLOAT x;
 FLOAT y;
 FLOAT z;
}

template MeshFace {
 <3d82ab5f-62da-11cf-ab39-0020af71e433>
 DWORD nFaceVertexIndices;
 array DWORD faceVertexIndices[nFaceVertexIndices];
}

template Mesh {
 <3d82ab44-62da-11cf-ab39-0020af71e433>
 DWORD nVertices;
 array Vector vertices[nVertices];
 DWORD nFaces;
 array MeshFace faces[nFaces];
 [...]
}

template MeshNormals {
 <f6f23f43-7686-11cf-8f52-0040333594a3>
 DWORD nNormals;
 array Vector normals[nNormals];
 DWORD nFaceNormals;
 array MeshFace faceNormals[nFaceNormals];
}

template Coords2d {
 <f6f23f44-7686-11cf-8f52-0040333594a3>
 FLOAT u;
 FLOAT v;
}

template MeshTextureCoords {
 <f6f23f40-7686-11cf-8f52-0040333594a3>
 DWORD nTextureCoords;
 array Coords2d textureCoords[nTextureCoords];
}

template ColorRGBA {
 <35ff44e0-6c7c-11cf-8f52-0040333594a3>
 FLOAT red;
 FLOAT green;
 FLOAT blue;
 FLOAT alpha;
}

template ColorRGB {
 <d3e16e81-7835-11cf-8f52-0040333594a3>
 FLOAT red;
 FLOAT green;
 FLOAT blue;
}

template Material {
 <3d82ab4d-62da-11cf-ab39-0020af71e433>
 ColorRGBA faceColor;
 FLOAT power;
 ColorRGB specularColor;
 ColorRGB emissiveColor;
 [...]
}

template MeshMaterialList {
 <f6f23f42-7686-11cf-8f52-0040333594a3>
 DWORD nMaterials;
 DWORD nFaceIndexes;
 array DWORD faceIndexes[nFaceIndexes];
 [Material <3d82ab4d-62da-11cf-ab39-0020af71e433>]
}

template TextureFilename {
 <a42790e1-7810-11cf-8f52-0040333594a3>
 STRING filename;
}

template XSkinMeshHeader {
 <3cf169ce-ff7c-44ab-93c0-f78f62d172e2>
 WORD nMaxSkinWeightsPerVertex;
 WORD nMaxSkinWeightsPerFace;
 WORD nBones;
}

template SkinWeights {
 <6f0d123b-bad2-4167-a0d0-80224f25fabb>
 STRING transformNodeName;
 DWORD nWeights;
 array DWORD vertexIndices[nWeights];
 array FLOAT weights[nWeights];
 Matrix4x4 matrixOffset;
}

template Animation {
 <3d82ab4f-62da-11cf-ab39-0020af71e433>
 [...]
}

template AnimationSet {
 <3d82ab50-62da-11cf-ab39-0020af71e433>
 [Animation <3d82ab4f-62da-11cf-ab39-0020af71e433>]
}

template FloatKeys {
 <10dd46a9-775b-11cf-8f52-0040333594a3>
 DWORD nValues;
 array FLOAT values[nValues];
}

template TimedFloatKeys {
 <f406b180-7b3b-11cf-8f52-0040333594a3>
 DWORD time;
 FloatKeys tfkeys;
}

template AnimationKey {
 <10dd46a8-775b-11cf-8f52-0040333594a3>
 DWORD keyType;
 DWORD nKeys;
 array TimedFloatKeys keys[nKeys];
}


Frame Scene_Root {
 

 FrameTransformMatrix  {
  1.000000,0.000000,0.000000,0.000000,0.000000,1.000000,0.000000,0.000000,0.000000,0.000000,1.000000,0.000000,0.000000,0.000000,0.000000,1.000000;;
 }

 Frame RIG_root {
  

  FrameTransformMatrix  {
   1.000000,0.000000,0.000000,0.000000,0.000000,1.000000,0.000000,0.000000,0.000000,0.000000,1.000000,0.000000,0.000000,0.000000,0.000000,1.000000;;
  }

  Frame RIG_hip {
   

   FrameTransformMatrix  {
    1.000000,0.000000,0.000000,0.000000,0.000000,1.000000,0.000000,0.000000,0.000000,0.000000,1.000000,0.000000,0.000000,-0.008000,0.000000,1.000000;;
   }
  }
 }

 Frame hip {
  

  FrameTransformMatrix  {
   1.000000,0.000000,0.000000,0.000000,0.000000,1.000000,0.000000,0.000000,0.000000,0.000000,1.000000,0.000000,0.000000,0.000000,0.752000,1.000000;;
  }

  Frame spain1 {
   

   FrameTransformMatrix  {
    1.000000,0.000000,0.000000,0.000000,0.000000,1.000000,0.000000,0.000000,0.000000,0.000000,1.000000,0.000000,0.000000,0.090000,0.000000,1.000000;;
   }

   Frame spain2 {
    

    FrameTransformMatrix  {
     1.000000,0.000000,0.000000,0.000000,0.000000,0.972572,-0.232602,0.000000,0.000000,0.232602,0.972572,0.000000,0.000000,0.100000,0.000000,1.000000;;
    }

    Frame spain3 {
     

     FrameTransformMatrix  {
      1.000000,0.000000,0.000000,0.000000,0.000000,0.909283,0.416178,0.000000,0.000000,-0.416178,0.909283,0.000000,0.000000,0.150000,0.000000,1.000000;;
     }

     Frame neck {
      

      FrameTransformMatrix  {
       -1.000000,0.000000,-0.000000,0.000000,0.000000,0.999271,0.038188,0.000000,0.000000,0.038188,-0.999271,0.000000,0.000000,0.273751,-0.000000,1.000000;;
      }

      Frame head {
       

       FrameTransformMatrix  {
        -1.000000,0.000000,-0.000000,0.000000,0.000000,0.989997,0.141092,0.000000,0.000000,0.141092,-0.989997,0.000000,0.000000,0.108535,0.000000,1.000000;;
       }
      }
     }

     Frame R_shoulder1 {
      

      FrameTransformMatrix  {
       -0.970671,0.014221,-0.239993,0.000000,0.005350,0.999279,0.037575,0.000000,0.240354,0.035189,-0.970047,0.000000,-0.100000,0.204605,0.007422,1.000000;;
      }

      Frame R_arm {
       

       FrameTransformMatrix  {
        0.277573,-0.892542,0.355417,0.000000,0.960703,0.257325,-0.104081,0.000000,0.001439,0.370340,0.928895,0.000000,0.150120,-0.000007,0.000000,1.000000;;
       }

       Frame R_shoulder2 {
        

        FrameTransformMatrix  {
         -0.013526,0.003044,-0.999904,0.000000,0.998026,-0.061288,-0.013687,0.000000,-0.061324,-0.998115,-0.002209,0.000000,0.000000,0.000000,0.000000,1.000000;;
        }
       }

       Frame R_elbow {
        

        FrameTransformMatrix  {
         0.687914,-0.000164,-0.725792,0.000000,0.000233,1.000000,-0.000005,0.000000,0.725792,-0.000165,0.687914,0.000000,0.242740,-0.000118,-0.000000,1.000000;;
        }

        Frame R_hand {
         

         FrameTransformMatrix  {
          0.925786,0.010166,-0.377911,0.000000,-0.135631,0.942021,-0.306921,0.000000,0.352880,0.335400,0.873489,0.000000,0.262689,0.000000,-0.000000,1.000000;;
         }

         Frame R_other_fingers1 {
          

          FrameTransformMatrix  {
           0.968273,-0.248610,0.025305,0.000000,0.248690,0.968583,-0.000000,0.000000,-0.024510,0.006293,0.999680,0.000000,0.111586,0.008841,0.012344,1.000000;;
          }

          Frame R_other_fingers2 {
           

           FrameTransformMatrix  {
            0.783693,-0.621148,-0.000000,0.000000,0.621148,0.783693,-0.000000,0.000000,-0.000000,0.000000,1.000000,0.000000,0.040000,0.000000,0.000000,1.000000;;
           }

           Frame R_other_fingers3 {
            

            FrameTransformMatrix  {
             0.783693,-0.621148,-0.000000,0.000000,0.621148,0.783693,0.000000,0.000000,0.000000,0.000000,1.000000,0.000000,0.040000,0.000000,0.000000,1.000000;;
            }
           }
          }
         }

         Frame R_index {
          

          FrameTransformMatrix  {
           0.962183,-0.252967,-0.101056,0.000000,0.254268,0.967134,0.000000,0.000000,0.097735,-0.025695,0.994881,0.000000,0.115369,0.008841,-0.037773,1.000000;;
          }

          Frame R_index2 {
           

           FrameTransformMatrix  {
            0.656855,-0.754017,0.000000,0.000000,0.754017,0.656855,0.000000,0.000000,0.000000,0.000000,1.000000,0.000000,0.039572,-0.000000,0.000000,1.000000;;
           }

           Frame R_index3 {
            

            FrameTransformMatrix  {
             0.665887,-0.746053,-0.000000,0.000000,0.746053,0.665887,-0.000000,0.000000,-0.000000,0.000000,1.000000,0.000000,0.040000,0.000000,0.000000,1.000000;;
            }
           }
          }
         }

         Frame R_thumb1 {
          

          FrameTransformMatrix  {
           1.000000,0.000000,0.000000,0.000000,0.000000,0.883766,-0.467930,0.000000,-0.000000,0.467930,0.883766,0.000000,0.016295,0.001982,-0.032044,1.000000;;
          }

          Frame R_thumb2 {
           

           FrameTransformMatrix  {
            0.973188,-0.000000,-0.230012,0.000000,0.000000,1.000000,-0.000000,0.000000,0.230012,0.000000,0.973188,0.000000,0.009625,-0.000071,-0.034590,1.000000;;
           }

           Frame R_thumb3 {
            

            FrameTransformMatrix  {
             0.984319,-0.000000,0.176398,0.000000,-0.000000,1.000000,0.000000,0.000000,-0.176398,0.000000,0.984319,0.000000,0.058479,0.000000,0.000000,1.000000;;
            }
           }
          }
         }
        }
       }
      }
     }

     Frame L_shoulder1 {
      

      FrameTransformMatrix  {
       -0.993409,-0.009658,0.114214,0.000000,0.005475,-0.999305,-0.036882,0.000000,0.114491,-0.036013,0.992771,0.000000,0.100000,0.204605,0.007422,1.000000;;
      }

      Frame L_arm {
       

       FrameTransformMatrix  {
        0.257993,-0.876493,0.406446,0.000000,0.962264,0.270789,-0.026850,0.000000,-0.086527,0.398036,0.913280,0.000000,-0.150120,0.000007,-0.000000,1.000000;;
       }

       Frame L_shoulder2 {
        

        FrameTransformMatrix  {
         -0.015535,-0.088048,-0.995995,0.000000,0.999744,-0.017777,-0.014022,0.000000,-0.016472,-0.995958,0.088302,0.000000,0.000000,0.000000,0.000000,1.000000;;
        }
       }

       Frame L_elbow {
        

        FrameTransformMatrix  {
         0.624961,-0.000122,-0.780656,0.000000,0.000194,1.000000,-0.000001,0.000000,0.780656,-0.000151,0.624961,0.000000,-0.242740,0.000118,0.000000,1.000000;;
        }

        Frame L_hand {
         

         FrameTransformMatrix  {
          0.913833,-0.096146,-0.394544,0.000000,-0.024346,0.956849,-0.289564,0.000000,0.405360,0.274219,0.872059,0.000000,-0.262689,0.000000,-0.000000,1.000000;;
         }

         Frame L_other_fingers1 {
          

          FrameTransformMatrix  {
           0.956407,-0.290670,0.028223,0.000000,0.290786,0.956788,0.000000,0.000000,-0.027004,0.008207,0.999602,0.000000,-0.111586,-0.008841,-0.012343,1.000000;;
          }

          Frame L_other_fingers2 {
           

           FrameTransformMatrix  {
            0.568275,-0.822839,-0.000000,0.000000,0.822839,0.568275,0.000000,0.000000,0.000000,-0.000000,1.000000,0.000000,-0.040000,0.000000,-0.000000,1.000000;;
           }

           Frame L_other_fingers3 {
            

            FrameTransformMatrix  {
             0.458339,-0.888777,-0.000000,0.000000,0.888777,0.458339,0.000000,0.000000,-0.000000,-0.000001,1.000000,0.000000,-0.040000,0.000000,0.000000,1.000000;;
            }
           }
          }
         }

         Frame L_index {
          

          FrameTransformMatrix  {
           0.968322,-0.222843,-0.112668,0.000000,0.224271,0.974527,0.000000,0.000000,0.109798,-0.025268,0.993633,0.000000,-0.115369,-0.008841,0.037773,1.000000;;
          }

          Frame L_index2 {
           

           FrameTransformMatrix  {
            0.711536,-0.702650,-0.000000,0.000000,0.702650,0.711536,0.000000,0.000000,0.000000,-0.000000,1.000000,0.000000,-0.039572,0.000000,-0.000000,1.000000;;
           }

           Frame L_index3 {
            

            FrameTransformMatrix  {
             0.617860,-0.786288,-0.000000,0.000000,0.786288,0.617860,0.000000,0.000000,-0.000000,-0.000001,1.000000,0.000000,-0.040000,0.000000,0.000000,1.000000;;
            }
           }
          }
         }

         Frame L_thumb1 {
          

          FrameTransformMatrix  {
           1.000000,0.000000,0.000000,0.000000,0.000000,0.873679,-0.486504,0.000000,-0.000000,0.486504,0.873679,0.000000,-0.016295,-0.001982,0.032044,1.000000;;
          }

          Frame L_thumb2 {
           

           FrameTransformMatrix  {
            0.967905,0.000000,-0.251318,0.000000,-0.000000,1.000000,0.000000,0.000000,0.251318,-0.000000,0.967905,0.000000,-0.009625,0.000071,0.034590,1.000000;;
           }

           Frame L_thumb3 {
            

            FrameTransformMatrix  {
             0.997847,-0.000000,0.065577,0.000000,0.000000,1.000000,0.000001,0.000000,-0.065577,-0.000001,0.997847,0.000000,-0.058479,0.000000,-0.000000,1.000000;;
            }
           }
          }
         }
        }
       }
      }
     }
    }
   }
  }

  Frame leg {
   

   FrameTransformMatrix  {
    1.000000,0.000000,0.000000,0.000000,0.000000,1.000000,0.000000,0.000000,0.000000,0.000000,1.000000,0.000000,0.000000,-0.502000,0.000000,1.000000;;
   }
  }
 }

 Frame Robo_base {
  

  FrameTransformMatrix  {
   1.000000,0.000000,0.000000,0.000000,0.000000,1.000000,0.000000,0.000000,0.000000,0.000000,1.000000,0.000000,0.000000,0.000000,0.000000,1.000000;;
  }

  Frame Robo_base0 {
   

   FrameTransformMatrix  {
    1.000000,0.000000,0.000000,0.000000,0.000000,1.000000,0.000000,0.000000,0.000000,0.000000,1.000000,0.000000,0.000000,0.000000,0.000000,1.000000;;
   }

   Mesh  {
    3094;
    0.246601;0.694400;-0.050271;,
    0.269047;0.732857;0.000937;,
    0.250929;0.683389;0.001101;,
    0.246601;0.737459;-0.050271;,
    0.254855;0.762218;-0.051762;,
    0.279047;0.762218;0.000937;,
    0.259196;0.802964;0.000937;,
    0.254855;0.802964;-0.045820;,
    0.274706;0.688669;-0.051762;,
    0.274706;0.738624;-0.051762;,
    0.264706;0.738624;-0.052974;,
    0.264706;0.688669;-0.052974;,
    0.275786;0.682377;0.051762;,
    0.279047;0.732857;0.000937;,
    0.265786;0.732857;0.052641;,
    0.275786;0.732857;0.051762;,
    0.250929;0.731692;0.001101;,
    0.265786;0.682377;0.052641;,
    0.269047;0.677659;0.000937;,
    0.259196;0.762218;0.000937;,
    0.264706;0.688669;-0.052974;,
    0.279047;0.677659;0.000937;,
    0.275786;0.802964;0.047393;,
    0.265786;0.802964;0.048272;,
    0.272296;0.817843;-0.018520;,
    0.275786;0.762218;0.051762;,
    0.279047;0.802964;0.000937;,
    0.265786;0.762218;0.052641;,
    0.264706;0.802964;-0.047031;,
    0.274706;0.802964;-0.045820;,
    0.274706;0.802964;-0.045820;,
    0.269047;0.802964;0.000937;,
    0.264706;0.762218;-0.052974;,
    0.274706;0.762218;-0.051762;,
    0.274706;0.688669;-0.051762;,
    0.264706;0.802964;-0.047031;,
    0.227665;0.817843;0.018520;,
    0.272296;0.792663;-0.018520;,
    0.272296;0.817843;0.018520;,
    0.272296;0.792663;0.018520;,
    0.240737;0.774858;0.018520;,
    0.244036;0.762907;0.032044;,
    0.240737;0.774858;-0.018520;,
    0.259224;0.774858;-0.018520;,
    0.227665;0.817843;-0.018520;,
    0.227665;0.792663;-0.018520;,
    0.227665;0.792663;-0.018520;,
    0.227665;0.817843;-0.018520;,
    0.263931;0.798366;0.032044;,
    0.263931;0.772764;0.082044;,
    0.244036;0.798366;0.032044;,
    0.263931;0.775976;0.032044;,
    0.272296;0.817843;0.018520;,
    0.227665;0.817843;0.018520;,
    0.227665;0.792663;0.018520;,
    0.263931;0.798366;0.032044;,
    0.240047;0.772764;0.082044;,
    0.263931;0.762907;0.032044;,
    0.227665;0.792663;0.018520;,
    0.272296;0.792663;0.018520;,
    0.272296;0.817843;-0.018520;,
    0.259224;0.774858;0.018520;,
    0.272296;0.792663;-0.018520;,
    0.240047;0.790143;0.067417;,
    0.240047;0.775721;0.052147;,
    0.240047;0.796497;0.052147;,
    0.240047;0.762907;0.052147;,
    0.263931;0.772764;0.082044;,
    0.240047;0.762907;0.052147;,
    0.240047;0.772764;0.082044;,
    0.244036;0.798366;0.032044;,
    0.240047;0.762907;0.082044;,
    0.263931;0.762907;0.082044;,
    0.263931;0.775721;0.052147;,
    0.263931;0.790143;0.067417;,
    0.240047;0.790143;0.067417;,
    0.240047;0.796497;0.052147;,
    0.263931;0.790143;0.067417;,
    0.263931;0.796497;0.052147;,
    0.240047;0.762907;0.082044;,
    0.275786;0.802964;0.047393;,
    0.275786;0.802964;0.047393;,
    0.275786;0.682377;0.051762;,
    0.265786;0.682377;0.052641;,
    0.245475;0.755698;0.056634;,
    0.262248;0.774178;0.066634;,
    0.242248;0.774178;0.066634;,
    0.245475;0.776662;0.056634;,
    0.264706;0.738624;-0.052974;,
    0.264706;0.762218;-0.052974;,
    0.269047;0.762218;0.000937;,
    0.259021;0.776662;0.056634;,
    0.259021;0.755698;0.056634;,
    0.259021;0.776662;0.056634;,
    0.259021;0.715698;0.056634;,
    0.259021;0.715698;0.056634;,
    0.263931;0.775976;0.032044;,
    0.263931;0.762907;0.032044;,
    0.245475;0.715698;0.056634;,
    0.244036;0.775976;0.032044;,
    0.244036;0.762907;0.032044;,
    0.259021;0.686249;0.056634;,
    0.263931;0.762907;0.052147;,
    0.259021;0.715698;0.056634;,
    0.245475;0.755698;0.056634;,
    0.245475;0.686249;0.056634;,
    0.259021;0.686249;0.056634;,
    0.259021;0.755698;0.056634;,
    0.259021;0.715698;0.056634;,
    0.262248;0.715698;0.066634;,
    0.262248;0.679870;0.066634;,
    0.245475;0.747698;0.076634;,
    0.259021;0.747698;0.076634;,
    0.245475;0.723698;0.076634;,
    0.242248;0.755698;0.066634;,
    0.247656;0.688108;0.050599;,
    0.265786;0.732857;0.052641;,
    0.269047;0.802964;0.000937;,
    0.247656;0.731692;0.050599;,
    0.265786;0.802964;0.048272;,
    0.265786;0.762218;0.052641;,
    0.265786;0.802964;0.048272;,
    0.252221;0.571723;-0.045744;,
    0.245475;0.762159;0.076634;,
    0.259824;0.578994;-0.047932;,
    0.248467;0.582245;-0.044858;,
    0.242248;0.715698;0.066634;,
    0.245475;0.681827;0.076634;,
    0.259021;0.681827;0.076634;,
    0.242248;0.679870;0.066634;,
    0.259021;0.723698;0.076634;,
    0.262248;0.755698;0.066634;,
    0.259824;0.578994;-0.025671;,
    0.248467;0.582245;-0.028746;,
    0.252221;0.571723;-0.027859;,
    0.259021;0.763699;0.076634;,
    0.259021;0.762159;0.076634;,
    0.245475;0.707699;0.076634;,
    0.245475;0.763699;0.076634;,
    0.259021;0.707699;0.076634;,
    0.259824;0.578994;-0.025671;,
    0.259824;0.578994;-0.047932;,
    0.270784;0.580265;-0.044521;,
    0.268687;0.569793;-0.044521;,
    0.259824;0.568471;-0.046191;,
    0.259824;0.578994;-0.047932;,
    0.259824;0.568471;-0.046191;,
    0.252221;0.571723;-0.027859;,
    0.259824;0.568471;-0.027413;,
    0.268687;0.569793;-0.029083;,
    0.259824;0.604891;-0.047932;,
    0.268687;0.569793;-0.029083;,
    0.259824;0.604891;-0.025671;,
    0.268687;0.569793;-0.044521;,
    0.252221;0.571723;-0.045744;,
    0.259824;0.604891;-0.047932;,
    0.248467;0.582245;-0.044858;,
    0.248467;0.582245;-0.028746;,
    0.259824;0.568471;-0.027413;,
    0.259824;0.604891;-0.025671;,
    0.259824;0.578994;-0.025671;,
    0.270784;0.601880;-0.029083;,
    0.270784;0.601880;-0.044521;,
    0.270784;0.580265;-0.029083;,
    0.259824;0.684891;-0.025671;,
    0.259824;0.684891;-0.047932;,
    0.264706;0.762218;-0.052974;,
    0.254855;0.762218;-0.051762;,
    0.269047;0.762218;0.000937;,
    0.247656;0.731692;0.050599;,
    0.247656;0.688108;0.050599;,
    0.259824;0.644891;-0.025671;,
    0.259824;0.644891;-0.047932;,
    0.270784;0.660068;-0.029083;,
    0.270784;0.681880;-0.029083;,
    0.259824;0.684891;-0.047932;,
    0.259824;0.684891;-0.025671;,
    0.259824;0.657057;-0.025671;,
    0.270784;0.681880;-0.044521;,
    0.270784;0.660068;-0.044521;,
    0.259824;0.657057;-0.047932;,
    0.246601;0.737459;-0.050271;,
    0.246601;0.694400;-0.050271;,
    0.246601;0.694400;-0.050271;,
    0.264706;0.738624;-0.052974;,
    0.250929;0.731692;0.001101;,
    0.269047;0.762218;0.000937;,
    0.259824;0.644891;-0.025671;,
    0.270784;0.620068;-0.044521;,
    0.259824;0.644891;-0.047932;,
    0.270784;0.641880;-0.044521;,
    0.259824;0.657057;-0.025671;,
    0.259824;0.684891;-0.047932;,
    0.259824;0.684891;-0.025671;,
    0.259824;0.657057;-0.047932;,
    0.259824;0.617057;-0.047932;,
    0.259824;0.617057;-0.025671;,
    0.269047;0.802964;0.000937;,
    0.254855;0.802964;-0.045820;,
    0.250929;0.683389;0.001101;,
    0.259824;0.617057;-0.047932;,
    0.259824;0.644891;-0.047932;,
    0.259824;0.644891;-0.025671;,
    0.259824;0.617057;-0.025671;,
    0.257560;0.621400;-0.026736;,
    0.257560;0.640548;-0.026736;,
    0.257560;0.680548;-0.046868;,
    0.248212;0.678695;-0.044521;,
    0.257560;0.680548;-0.046868;,
    0.248212;0.638695;-0.044521;,
    0.257560;0.640548;-0.046868;,
    0.257560;0.680548;-0.026736;,
    0.248212;0.598695;-0.029083;,
    0.257560;0.600548;-0.026736;,
    0.257560;0.581400;-0.026736;,
    0.257560;0.600548;-0.026736;,
    0.248212;0.623253;-0.044521;,
    0.257560;0.621400;-0.046868;,
    0.257560;0.621400;-0.046868;,
    0.257560;0.581400;-0.046868;,
    0.248212;0.583253;-0.044521;,
    0.259629;0.610974;-0.046802;,
    0.259629;0.573447;-0.046802;,
    0.270784;0.620068;-0.029083;,
    0.270784;0.641880;-0.029083;,
    0.257560;0.600548;-0.026736;,
    0.257560;0.680548;-0.026736;,
    0.257560;0.661400;-0.046868;,
    0.248212;0.663253;-0.044521;,
    0.257560;0.661400;-0.046868;,
    0.257560;0.661400;-0.026736;,
    0.248212;0.678695;-0.029083;,
    0.257560;0.640548;-0.026736;,
    0.257560;0.640548;-0.046868;,
    0.257560;0.661400;-0.026736;,
    0.248212;0.638695;-0.029083;,
    0.248212;0.598695;-0.044521;,
    0.257560;0.600548;-0.046868;,
    0.257560;0.600548;-0.046868;,
    0.257560;0.680548;-0.046868;,
    0.257560;0.680548;-0.026736;,
    0.248212;0.623253;-0.029083;,
    0.257560;0.600548;-0.046868;,
    0.257560;0.581400;-0.046868;,
    0.257560;0.581400;-0.026736;,
    0.257560;0.640548;-0.046868;,
    0.248212;0.583253;-0.029083;,
    0.257560;0.640548;-0.026736;,
    0.257560;0.621400;-0.026736;,
    0.259629;0.650974;-0.046802;,
    0.259629;0.695974;-0.046802;,
    0.259629;0.695974;-0.046802;,
    0.248212;0.663253;-0.029083;,
    0.259629;0.695974;-0.026802;,
    0.249629;0.650974;-0.030028;,
    0.249629;0.690974;-0.030028;,
    0.249629;0.650974;-0.030028;,
    0.249629;0.650974;-0.043575;,
    0.249629;0.690974;-0.043575;,
    0.249629;0.610974;-0.030028;,
    0.270784;0.599216;-0.020010;,
    0.270784;0.577601;-0.020010;,
    0.268687;0.567129;-0.020010;,
    0.259824;0.565807;-0.021680;,
    0.270784;0.599216;-0.004572;,
    0.259824;0.565807;-0.002903;,
    0.259824;0.602227;-0.023422;,
    0.269629;0.579242;-0.030028;,
    0.259629;0.610974;-0.026802;,
    0.269629;0.579242;-0.043575;,
    0.269629;0.602974;-0.030028;,
    0.269629;0.658974;-0.030028;,
    0.259629;0.573447;-0.026802;,
    0.269629;0.618974;-0.030028;,
    0.269629;0.602974;-0.043575;,
    0.269629;0.695974;-0.030028;,
    0.269629;0.695974;-0.043575;,
    0.259824;0.576329;-0.023422;,
    0.268687;0.567129;-0.020010;,
    0.259824;0.654393;-0.023422;,
    0.259824;0.682227;-0.001161;,
    0.270784;0.657404;-0.020010;,
    0.259824;0.682227;-0.001161;,
    0.259824;0.682227;-0.023422;,
    0.268687;0.567129;-0.004572;,
    0.270784;0.577601;-0.004572;,
    0.259824;0.576329;-0.001161;,
    0.259824;0.576329;-0.023422;,
    0.248467;0.579581;-0.020347;,
    0.259824;0.576329;-0.001161;,
    0.248467;0.579581;-0.004235;,
    0.249629;0.650974;-0.043575;,
    0.249629;0.610974;-0.043575;,
    0.252221;0.569058;-0.021234;,
    0.259824;0.576329;-0.023422;,
    0.269629;0.618974;-0.043575;,
    0.259824;0.654393;-0.023422;,
    0.249629;0.610974;-0.043575;,
    0.249629;0.581525;-0.043575;,
    0.259629;0.610974;-0.046802;,
    0.259629;0.573447;-0.046802;,
    0.259824;0.565807;-0.002903;,
    0.268687;0.567129;-0.004572;,
    0.259824;0.602227;-0.001161;,
    0.252221;0.569058;-0.003349;,
    0.269629;0.658974;-0.043575;,
    0.259629;0.650974;-0.026802;,
    0.269629;0.642974;-0.030028;,
    0.269629;0.642974;-0.043575;,
    0.259629;0.650974;-0.046802;,
    0.252221;0.569058;-0.003349;,
    0.259824;0.565807;-0.021680;,
    0.259824;0.654393;-0.001161;,
    0.259824;0.682227;-0.023422;,
    0.270784;0.679216;-0.020010;,
    0.259824;0.602227;-0.001161;,
    0.259824;0.576329;-0.001161;,
    0.259824;0.602227;-0.023422;,
    0.252221;0.569058;-0.021234;,
    0.249629;0.581525;-0.030028;,
    0.249629;0.610974;-0.030028;,
    0.248467;0.579581;-0.020347;,
    0.248467;0.579581;-0.004235;,
    0.259824;0.682227;-0.023422;,
    0.259824;0.682227;-0.001161;,
    0.270784;0.657404;-0.004572;,
    0.270784;0.679216;-0.004572;,
    0.259824;0.654393;-0.001161;,
    0.259824;0.642227;-0.001161;,
    0.259824;0.642227;-0.023422;,
    0.259824;0.614393;-0.001161;,
    0.259824;0.614393;-0.023422;,
    0.259824;0.614393;-0.023422;,
    0.259824;0.642227;-0.023422;,
    0.259824;0.642227;-0.001161;,
    0.270784;0.617404;-0.020010;,
    0.270784;0.639216;-0.020010;,
    0.259824;0.642227;-0.023422;,
    0.270784;0.617404;-0.004572;,
    0.259824;0.614393;-0.001161;,
    0.270784;0.639216;-0.004572;,
    0.259824;0.642227;-0.001161;,
    0.257560;0.578736;-0.002225;,
    0.257560;0.597884;-0.002225;,
    0.257560;0.597884;-0.022357;,
    0.257560;0.578736;-0.022357;,
    0.257560;0.637884;-0.022357;,
    0.257560;0.637884;-0.002225;,
    0.257560;0.618736;-0.022357;,
    0.257560;0.618736;-0.002225;,
    0.257560;0.578736;-0.002225;,
    0.248212;0.580589;-0.004572;,
    0.248212;0.596031;-0.004572;,
    0.257560;0.597884;-0.002225;,
    0.257560;0.597884;-0.022357;,
    0.257560;0.597884;-0.002225;,
    0.257560;0.597884;-0.022357;,
    0.248212;0.596031;-0.020010;,
    0.248212;0.580589;-0.020010;,
    0.257560;0.578736;-0.022357;,
    0.257560;0.658736;-0.022357;,
    0.257560;0.658736;-0.002225;,
    0.257560;0.677884;-0.022357;,
    0.257560;0.682884;-0.002225;,
    0.257560;0.618736;-0.022357;,
    0.248212;0.620589;-0.004572;,
    0.257560;0.637884;-0.022357;,
    0.248212;0.620589;-0.020010;,
    0.257560;0.637884;-0.002225;,
    0.248212;0.636031;-0.020010;,
    0.257560;0.637884;-0.022357;,
    0.248212;0.636031;-0.004572;,
    0.257560;0.637884;-0.002225;,
    0.257560;0.618736;-0.002225;,
    0.257560;0.682884;-0.002225;,
    0.257560;0.658736;-0.022357;,
    0.257560;0.677884;-0.022357;,
    0.248212;0.660589;-0.020010;,
    0.257560;0.677884;-0.022357;,
    0.248212;0.676031;-0.020010;,
    0.257560;0.682884;-0.002225;,
    0.248212;0.676031;-0.004572;,
    0.248212;0.660589;-0.004572;,
    0.257560;0.658736;-0.002225;,
    0.249629;0.648310;-0.005518;,
    0.259629;0.693310;-0.022291;,
    0.259629;0.693310;-0.002291;,
    0.249629;0.688310;-0.005518;,
    0.259629;0.648310;-0.022291;,
    0.259629;0.693310;-0.022291;,
    0.259629;0.608310;-0.022291;,
    0.259629;0.570783;-0.022291;,
    0.249629;0.648310;-0.019065;,
    0.249629;0.608310;-0.005518;,
    0.249629;0.648310;-0.005518;,
    0.249629;0.688310;-0.019065;,
    0.249629;0.578860;-0.005518;,
    0.249629;0.578860;-0.019065;,
    0.269629;0.640310;-0.005518;,
    0.249629;0.608310;-0.019065;,
    0.259629;0.570783;-0.022291;,
    0.249629;0.648310;-0.019065;,
    0.259629;0.608310;-0.022291;,
    0.249629;0.608310;-0.019065;,
    0.249629;0.608310;-0.005518;,
    0.269629;0.616310;-0.019065;,
    0.269629;0.640310;-0.019065;,
    0.259629;0.648310;-0.022291;,
    0.259824;0.598005;0.023965;,
    0.259824;0.572108;0.001704;,
    0.252221;0.564836;0.003892;,
    0.259824;0.598005;0.001704;,
    0.259824;0.561585;0.003446;,
    0.268687;0.562907;0.020553;,
    0.259824;0.561585;0.022223;,
    0.252221;0.564836;0.021777;,
    0.248467;0.575359;0.020890;,
    0.248467;0.575359;0.004778;,
    0.259629;0.608310;-0.002291;,
    0.259629;0.570783;-0.002291;,
    0.259824;0.572108;0.023965;,
    0.248467;0.575359;0.020890;,
    0.248467;0.575359;0.004778;,
    0.259824;0.572108;0.001704;,
    0.259629;0.648310;-0.002291;,
    0.269629;0.616310;-0.005518;,
    0.269629;0.693310;-0.019065;,
    0.269629;0.600310;-0.019065;,
    0.269629;0.656310;-0.005518;,
    0.269629;0.693310;-0.005518;,
    0.269629;0.656310;-0.019065;,
    0.252221;0.564836;0.021777;,
    0.252221;0.564836;0.003892;,
    0.268687;0.562907;0.005115;,
    0.269629;0.600310;-0.005518;,
    0.269629;0.576577;-0.005518;,
    0.269629;0.576577;-0.019065;,
    0.259824;0.572108;0.023965;,
    0.268687;0.562907;0.005115;,
    0.259824;0.572108;0.001704;,
    0.259824;0.561585;0.003446;,
    0.259824;0.598005;0.023965;,
    0.270784;0.573379;0.005115;,
    0.259824;0.638005;0.023965;,
    0.259824;0.638005;0.001704;,
    0.259824;0.610171;0.001704;,
    0.259824;0.610171;0.001704;,
    0.257560;0.593662;0.002768;,
    0.257560;0.574514;0.022900;,
    0.257560;0.574514;0.002768;,
    0.257560;0.593662;0.022900;,
    0.259824;0.638005;0.023965;,
    0.270784;0.613182;0.005115;,
    0.270784;0.634994;0.005115;,
    0.259824;0.638005;0.001704;,
    0.270784;0.594994;0.005115;,
    0.259824;0.598005;0.001704;,
    0.270784;0.594994;0.020553;,
    0.270784;0.653182;0.020553;,
    0.259824;0.572108;0.023965;,
    0.259824;0.561585;0.022223;,
    0.259824;0.610171;0.023965;,
    0.270784;0.573379;0.020553;,
    0.270784;0.674994;0.005115;,
    0.259824;0.678005;0.023965;,
    0.270784;0.674994;0.020553;,
    0.259824;0.678005;0.001704;,
    0.259824;0.650171;0.001704;,
    0.259824;0.678005;0.023965;,
    0.270784;0.634994;0.020553;,
    0.259824;0.638005;0.023965;,
    0.259824;0.678005;0.001704;,
    0.259824;0.650171;0.023965;,
    0.259824;0.638005;0.001704;,
    0.259824;0.610171;0.023965;,
    0.259824;0.678005;0.001704;,
    0.268687;0.562907;0.020553;,
    0.259824;0.650171;0.001704;,
    0.259824;0.678005;0.023965;,
    0.270784;0.653182;0.005115;,
    0.259824;0.650171;0.023965;,
    0.270784;0.613182;0.020553;,
    0.248212;0.576367;0.005115;,
    0.257560;0.633662;0.022900;,
    0.257560;0.574514;0.002768;,
    0.257560;0.593662;0.002768;,
    0.248212;0.576367;0.020553;,
    0.257560;0.614514;0.002768;,
    0.257560;0.574514;0.022900;,
    0.257560;0.593662;0.022900;,
    0.248212;0.591809;0.020553;,
    0.257560;0.633662;0.002768;,
    0.248212;0.616367;0.005115;,
    0.257560;0.614514;0.002768;,
    0.257560;0.633662;0.002768;,
    0.248212;0.631809;0.005115;,
    0.257560;0.633662;0.022900;,
    0.248212;0.656367;0.005115;,
    0.257560;0.654514;0.022900;,
    0.257560;0.654514;0.002768;,
    0.257560;0.633662;0.002768;,
    0.257560;0.593662;0.022900;,
    0.257560;0.593662;0.002768;,
    0.248212;0.591809;0.005115;,
    0.257560;0.673662;0.002768;,
    0.248212;0.671809;0.005115;,
    0.257560;0.654514;0.002768;,
    0.257560;0.614514;0.022900;,
    0.257560;0.614514;0.022900;,
    0.257560;0.633662;0.022900;,
    0.257560;0.673662;0.002768;,
    0.257560;0.673662;0.022900;,
    0.257560;0.673662;0.022900;,
    0.257560;0.673662;0.002768;,
    0.248212;0.631809;0.020553;,
    0.248212;0.656367;0.020553;,
    0.257560;0.673662;0.022900;,
    0.248212;0.671809;0.020553;,
    0.248212;0.616367;0.020553;,
    0.257560;0.654514;0.022900;,
    0.259629;0.644088;0.002834;,
    0.259629;0.566561;0.002834;,
    0.259629;0.604088;0.002834;,
    0.259629;0.689088;0.002834;,
    0.259629;0.689088;0.022834;,
    0.259629;0.689088;0.002834;,
    0.249629;0.644088;0.019608;,
    0.249629;0.684088;0.019608;,
    0.249629;0.684088;0.006061;,
    0.249629;0.644088;0.006061;,
    0.249629;0.604088;0.019608;,
    0.249629;0.644088;0.019608;,
    0.249629;0.644088;0.006061;,
    0.249629;0.604088;0.006061;,
    0.249629;0.604088;0.006061;,
    0.249629;0.604088;0.019608;,
    0.249629;0.574638;0.006061;,
    0.249629;0.574638;0.019608;,
    0.269629;0.612088;0.006061;,
    0.259629;0.566561;0.002834;,
    0.259629;0.604088;0.002834;,
    0.259629;0.644088;0.002834;,
    0.269629;0.689088;0.019608;,
    0.269629;0.652088;0.019608;,
    0.269629;0.652088;0.006061;,
    0.269629;0.689088;0.006061;,
    0.269629;0.596088;0.019608;,
    0.269629;0.596088;0.006061;,
    0.269629;0.572355;0.006061;,
    0.269629;0.572355;0.019608;,
    0.259629;0.566561;0.022834;,
    0.259629;0.604088;0.022834;,
    0.259629;0.644088;0.022834;,
    0.269629;0.612088;0.019608;,
    0.269629;0.636088;0.006061;,
    0.269629;0.636088;0.019608;,
    0.259824;0.562610;0.046274;,
    0.252221;0.565861;0.045828;,
    0.259824;0.562610;0.027497;,
    0.268687;0.563932;0.044605;,
    0.270784;0.596019;0.029166;,
    0.259824;0.599030;0.025755;,
    0.259824;0.679030;0.025755;,
    0.259824;0.679030;0.048016;,
    0.270784;0.596019;0.044605;,
    0.259824;0.562610;0.046274;,
    0.259824;0.573132;0.025755;,
    0.268687;0.563932;0.029166;,
    0.259824;0.562610;0.027497;,
    0.259824;0.651196;0.048016;,
    0.259824;0.651196;0.025755;,
    0.259824;0.573132;0.048016;,
    0.259824;0.679030;0.025755;,
    0.259824;0.651196;0.025755;,
    0.270784;0.654207;0.029166;,
    0.259824;0.679030;0.048016;,
    0.268687;0.563932;0.044605;,
    0.270784;0.574404;0.044605;,
    0.259824;0.599030;0.025755;,
    0.259824;0.573132;0.048016;,
    0.259824;0.599030;0.048016;,
    0.270784;0.574404;0.029166;,
    0.268687;0.563932;0.029166;,
    0.248467;0.576384;0.028830;,
    0.259824;0.573132;0.025755;,
    0.259824;0.573132;0.048016;,
    0.252221;0.565861;0.027943;,
    0.259824;0.573132;0.025755;,
    0.252221;0.565861;0.045828;,
    0.248467;0.576384;0.044941;,
    0.259824;0.679030;0.025755;,
    0.270784;0.676019;0.029166;,
    0.248467;0.576384;0.044941;,
    0.248467;0.576384;0.028830;,
    0.252221;0.565861;0.027943;,
    0.259824;0.599030;0.048016;,
    0.259824;0.651196;0.048016;,
    0.259824;0.679030;0.048016;,
    0.270784;0.654207;0.044605;,
    0.270784;0.676019;0.044605;,
    0.259824;0.611196;0.025755;,
    0.259824;0.639030;0.025755;,
    0.270784;0.614207;0.029166;,
    0.259824;0.639030;0.048016;,
    0.259824;0.611196;0.025755;,
    0.259824;0.611196;0.048016;,
    0.259824;0.639030;0.048016;,
    0.259824;0.639030;0.025755;,
    0.270784;0.636019;0.029166;,
    0.259824;0.639030;0.025755;,
    0.259824;0.639030;0.048016;,
    0.259824;0.611196;0.048016;,
    0.270784;0.636019;0.044605;,
    0.270784;0.614207;0.044605;,
    0.257560;0.575539;0.046951;,
    0.257560;0.575539;0.026820;,
    0.257560;0.594687;0.026820;,
    0.257560;0.594687;0.046951;,
    0.257560;0.575539;0.026820;,
    0.248212;0.577392;0.029166;,
    0.257560;0.594687;0.046951;,
    0.257560;0.575539;0.046951;,
    0.248212;0.577392;0.044605;,
    0.248212;0.592834;0.044605;,
    0.257560;0.674687;0.046951;,
    0.257560;0.674687;0.026820;,
    0.248212;0.672834;0.029166;,
    0.257560;0.674687;0.026820;,
    0.248212;0.632834;0.044605;,
    0.257560;0.634687;0.046951;,
    0.257560;0.615539;0.046951;,
    0.257560;0.634687;0.046951;,
    0.257560;0.634687;0.026820;,
    0.257560;0.634687;0.046951;,
    0.257560;0.655539;0.046951;,
    0.257560;0.615539;0.026820;,
    0.257560;0.615539;0.046951;,
    0.257560;0.655539;0.026820;,
    0.248212;0.592834;0.029166;,
    0.257560;0.594687;0.026820;,
    0.257560;0.594687;0.046951;,
    0.257560;0.594687;0.026820;,
    0.257560;0.615539;0.026820;,
    0.248212;0.617392;0.029166;,
    0.257560;0.634687;0.026820;,
    0.257560;0.674687;0.026820;,
    0.248212;0.632834;0.029166;,
    0.257560;0.634687;0.026820;,
    0.257560;0.674687;0.046951;,
    0.248212;0.617392;0.044605;,
    0.257560;0.655539;0.026820;,
    0.248212;0.657392;0.029166;,
    0.248212;0.672834;0.044605;,
    0.257560;0.674687;0.046951;,
    0.249629;0.575663;0.030112;,
    0.249629;0.605113;0.030112;,
    0.259629;0.567586;0.026885;,
    0.249629;0.575663;0.043659;,
    0.249629;0.645113;0.043659;,
    0.249629;0.645113;0.030112;,
    0.249629;0.685113;0.043659;,
    0.259629;0.690113;0.046885;,
    0.259629;0.567586;0.026885;,
    0.259629;0.690113;0.026885;,
    0.269629;0.637113;0.043659;,
    0.269629;0.613113;0.030112;,
    0.259629;0.645113;0.026885;,
    0.269629;0.637113;0.030112;,
    0.249629;0.645113;0.030112;,
    0.249629;0.605113;0.043659;,
    0.248212;0.657392;0.044605;,
    0.257560;0.655539;0.046951;,
    0.249629;0.605113;0.030112;,
    0.259629;0.645113;0.046885;,
    0.259629;0.605113;0.026885;,
    0.259629;0.605113;0.026885;,
    0.249629;0.605113;0.043659;,
    0.259629;0.645113;0.026885;,
    0.259629;0.690113;0.026885;,
    0.249629;0.645113;0.043659;,
    0.249629;0.685113;0.030112;,
    0.259629;0.605113;0.046885;,
    0.259629;0.567586;0.046885;,
    0.269629;0.613113;0.043659;,
    0.261247;0.675861;0.059402;,
    0.260360;0.686384;0.055648;,
    0.263435;0.683132;0.067005;,
    0.241174;0.683132;0.067005;,
    0.269629;0.597113;0.030112;,
    0.269629;0.573380;0.030112;,
    0.269629;0.573380;0.043659;,
    0.269629;0.597113;0.043659;,
    0.244248;0.686384;0.055648;,
    0.243362;0.675861;0.059402;,
    0.241174;0.683132;0.067005;,
    0.263435;0.683132;0.067005;,
    0.269629;0.653113;0.030112;,
    0.269629;0.690113;0.030112;,
    0.269629;0.690113;0.043659;,
    0.269629;0.653113;0.043659;,
    0.241174;0.709030;0.067005;,
    0.243362;0.675861;0.059402;,
    0.261247;0.675861;0.059402;,
    0.263435;0.709030;0.067005;,
    0.244248;0.686384;0.055648;,
    0.260360;0.686384;0.055648;,
    0.244585;0.673932;0.075868;,
    0.260023;0.673932;0.075868;,
    0.242915;0.672610;0.067005;,
    0.261693;0.672610;0.067005;,
    0.240574;0.749709;0.066817;,
    0.262835;0.749709;0.066817;,
    0.244585;0.673932;0.075868;,
    0.244585;0.684404;0.077965;,
    0.241174;0.683132;0.067005;,
    0.242915;0.672610;0.067005;,
    0.244585;0.706019;0.077965;,
    0.260023;0.706019;0.077965;,
    0.263435;0.709030;0.067005;,
    0.241174;0.709030;0.067005;,
    0.260023;0.684404;0.077965;,
    0.260023;0.673932;0.075868;,
    0.261693;0.672610;0.067005;,
    0.263435;0.683132;0.067005;,
    0.259423;0.724886;0.077776;,
    0.262835;0.721875;0.066817;,
    0.262835;0.749709;0.066817;,
    0.240574;0.749709;0.066817;,
    0.244539;0.704834;0.055140;,
    0.241571;0.685324;0.000407;,
    0.262324;0.687539;0.064488;,
    0.259977;0.689392;0.055140;,
    0.242192;0.725539;0.064488;,
    0.240574;0.721875;0.066817;,
    0.262324;0.744687;0.064488;,
    0.262324;0.725539;0.064488;,
    0.262324;0.744687;0.064488;,
    0.242192;0.744687;0.064488;,
    0.259977;0.742834;0.055140;,
    0.262324;0.744687;0.064488;,
    0.242192;0.687539;0.064488;,
    0.272723;0.691446;-0.049536;,
    0.244539;0.689392;0.055140;,
    0.242192;0.706687;0.064488;,
    0.239914;0.688177;0.042617;,
    0.239914;0.729033;0.042617;,
    0.242192;0.687539;0.064488;,
    0.262324;0.687539;0.064488;,
    0.242192;0.706687;0.064488;,
    0.262324;0.706687;0.064488;,
    0.259423;0.746698;0.077776;,
    0.240574;0.749709;0.066817;,
    0.262835;0.721875;0.066817;,
    0.242192;0.744687;0.064488;,
    0.243985;0.724886;0.077776;,
    0.243985;0.746698;0.077776;,
    0.242192;0.706687;0.064488;,
    0.262324;0.706687;0.064488;,
    0.273569;0.684820;0.048609;,
    0.241571;0.728166;0.000407;,
    0.242192;0.725539;0.064488;,
    0.244539;0.727392;0.055140;,
    0.262835;0.749709;0.066817;,
    0.240574;0.721875;0.066817;,
    0.262324;0.706687;0.064488;,
    0.259977;0.704834;0.055140;,
    0.262324;0.725539;0.064488;,
    0.259977;0.727392;0.055140;,
    0.242192;0.744687;0.064488;,
    0.244539;0.742834;0.055140;,
    0.239193;0.732771;-0.042617;,
    0.239193;0.693162;-0.042617;,
    -0.264706;0.738624;-0.052974;,
    -0.254855;0.802964;-0.045820;,
    -0.250929;0.731692;0.001101;,
    -0.246601;0.694400;-0.050271;,
    0.273569;0.800070;0.045493;,
    0.242723;0.737068;-0.049536;,
    0.243569;0.800070;0.045493;,
    -0.254855;0.762218;-0.051762;,
    0.243569;0.732098;0.048609;,
    0.273569;0.732098;0.048609;,
    0.245512;0.681027;0.000477;,
    0.242723;0.691446;-0.049536;,
    0.275512;0.800070;0.000477;,
    0.275512;0.681027;0.000477;,
    0.272723;0.801027;-0.044312;,
    0.242723;0.801027;-0.044312;,
    0.245512;0.800070;0.000477;,
    0.272723;0.801027;-0.044312;,
    -0.246601;0.737459;-0.050271;,
    -0.247656;0.731692;0.050599;,
    -0.247656;0.688108;0.050599;,
    -0.247656;0.731692;0.050599;,
    0.243569;0.763414;0.048609;,
    -0.269047;0.802964;0.000937;,
    -0.269047;0.762218;0.000937;,
    0.273569;0.763414;0.048609;,
    0.272723;0.737068;-0.049536;,
    0.243569;0.684820;0.048609;,
    0.273569;0.684820;0.048609;,
    0.245512;0.730946;0.000477;,
    0.245512;0.763414;0.000477;,
    0.245512;0.800070;0.000477;,
    0.243569;0.800070;0.045493;,
    0.273569;0.800070;0.045493;,
    0.242723;0.801027;-0.044312;,
    0.272723;0.763414;-0.049536;,
    0.242723;0.763414;-0.049536;,
    0.272723;0.691446;-0.049536;,
    -0.264706;0.762218;-0.052974;,
    -0.269047;0.762218;0.000937;,
    -0.246601;0.694400;-0.050271;,
    -0.250929;0.683389;0.001101;,
    -0.250929;0.731692;0.001101;,
    -0.250929;0.683389;0.001101;,
    -0.246601;0.694400;-0.050271;,
    -0.246601;0.737459;-0.050271;,
    -0.275786;0.732857;0.051762;,
    -0.275786;0.682377;0.051762;,
    -0.264706;0.762218;-0.052974;,
    -0.265786;0.762218;0.052641;,
    -0.265786;0.682377;0.052641;,
    -0.269047;0.762218;0.000937;,
    -0.265786;0.802964;0.048272;,
